4
12
Miami,59.6,60.5,64.0,67.6,72.0,75.2,76.5,76.5,75.7,72.2,67.5,62.2
Miami,76.5,77.7,80.7,83.8,87.2,89.5,90.9,90.6,89.0,85.4,81.2,77.5
Key West,65.2,65.7,68.8,72.1,75.9,78.7,79.6,79.2,78.5,75.7,71.9,67.3
Key West,75.3,75.9,78.8,81.9,85.4,88.1,89.4 ,89.5,88.2,84.7,80.6,76.7
Jacksonville,41.9,44.3,49.8,54.6,62.5,69.4,72.4,72.2,69.4,59.7,50.8,44.1
Jacksonville,64.2,67.3,73.4,78.6,84.3,88.7,90.8,89.4,86.1,79.1,72.5,65.8
Pensacola,42.7,45.4,51.7,57.6,65.8,72.1,74.5,74.2,70.4,59.6,51.1,44.7
Pensacola,61.2,64.4,70.2,76.2,83.4,89.0,90.7,90.1,87.0,79.3,70.3,63.4
